C
  -5.0000e-05        0e+00        0e+00   1.0000e+00        0e+00        0e+00        0e+00        0e+00        0e+00        0e+00        0e+00        0e+00        0e+00        0e+00        0e+00        0e+00        0e+00        0e+00        0e+00        0e+00        0e+00        0e+00        0e+00        0e+00
  -1.0000e-02        0e+00        0e+00        0e+00   1.0000e+00        0e+00        0e+00        0e+00        0e+00        0e+00        0e+00        0e+00        0e+00        0e+00        0e+00        0e+00        0e+00        0e+00        0e+00        0e+00        0e+00        0e+00        0e+00        0e+00
  -1.6667e-07        0e+00        0e+00        0e+00        0e+00   1.0000e+00        0e+00        0e+00        0e+00        0e+00        0e+00        0e+00        0e+00        0e+00        0e+00        0e+00        0e+00        0e+00        0e+00        0e+00        0e+00        0e+00        0e+00        0e+00
        0e+00  -5.0000e-05        0e+00        0e+00        0e+00        0e+00   1.0000e+00        0e+00        0e+00        0e+00        0e+00        0e+00        0e+00        0e+00        0e+00        0e+00        0e+00        0e+00        0e+00        0e+00        0e+00        0e+00        0e+00        0e+00
        0e+00  -1.0000e-02        0e+00        0e+00        0e+00        0e+00        0e+00   1.0000e+00        0e+00        0e+00        0e+00        0e+00        0e+00        0e+00        0e+00        0e+00        0e+00        0e+00        0e+00        0e+00        0e+00        0e+00        0e+00        0e+00
        0e+00  -1.6667e-07        0e+00        0e+00        0e+00        0e+00        0e+00        0e+00   1.0000e+00        0e+00        0e+00        0e+00        0e+00        0e+00        0e+00        0e+00        0e+00        0e+00        0e+00        0e+00        0e+00        0e+00        0e+00        0e+00
        0e+00        0e+00  -5.0000e-05        0e+00        0e+00        0e+00        0e+00        0e+00        0e+00   1.0000e+00        0e+00        0e+00        0e+00        0e+00        0e+00        0e+00        0e+00        0e+00        0e+00        0e+00        0e+00        0e+00        0e+00        0e+00
        0e+00        0e+00  -1.0000e-02        0e+00        0e+00        0e+00        0e+00        0e+00        0e+00        0e+00   1.0000e+00        0e+00        0e+00        0e+00        0e+00        0e+00        0e+00        0e+00        0e+00        0e+00        0e+00        0e+00        0e+00        0e+00
        0e+00        0e+00  -1.6667e-07        0e+00        0e+00        0e+00        0e+00        0e+00        0e+00        0e+00        0e+00   1.0000e+00        0e+00        0e+00        0e+00        0e+00        0e+00        0e+00        0e+00        0e+00        0e+00        0e+00        0e+00        0e+00
        0e+00        0e+00        0e+00  -1.0000e+00  -1.0000e-02        0e+00        0e+00        0e+00        0e+00        0e+00        0e+00        0e+00        0e+00        0e+00        0e+00        0e+00        0e+00        0e+00        0e+00        0e+00        0e+00        0e+00        0e+00        0e+00
        0e+00        0e+00        0e+00        0e+00  -1.0000e+00        0e+00        0e+00        0e+00        0e+00        0e+00        0e+00        0e+00        0e+00        0e+00        0e+00        0e+00        0e+00        0e+00        0e+00        0e+00        0e+00        0e+00        0e+00        0e+00
        0e+00        0e+00        0e+00  -1.0000e-02  -5.0000e-05  -1.0000e+00        0e+00        0e+00        0e+00        0e+00        0e+00        0e+00        0e+00        0e+00        0e+00        0e+00        0e+00        0e+00        0e+00        0e+00        0e+00        0e+00        0e+00        0e+00
        0e+00        0e+00        0e+00        0e+00        0e+00        0e+00  -1.0000e+00  -1.0000e-02        0e+00        0e+00        0e+00        0e+00        0e+00        0e+00        0e+00        0e+00        0e+00        0e+00        0e+00        0e+00        0e+00        0e+00        0e+00        0e+00
        0e+00        0e+00        0e+00        0e+00        0e+00        0e+00        0e+00  -1.0000e+00        0e+00        0e+00        0e+00        0e+00        0e+00        0e+00        0e+00        0e+00        0e+00        0e+00        0e+00        0e+00        0e+00        0e+00        0e+00        0e+00
        0e+00        0e+00        0e+00        0e+00        0e+00        0e+00  -1.0000e-02  -5.0000e-05  -1.0000e+00        0e+00        0e+00        0e+00        0e+00        0e+00        0e+00        0e+00        0e+00        0e+00        0e+00        0e+00        0e+00        0e+00        0e+00        0e+00
        0e+00        0e+00        0e+00        0e+00        0e+00        0e+00        0e+00        0e+00        0e+00        0e+00        0e+00        0e+00        0e+00        0e+00        0e+00        0e+00        0e+00        0e+00        0e+00        0e+00        0e+00        0e+00        0e+00        0e+00
        0e+00        0e+00        0e+00        0e+00        0e+00        0e+00        0e+00        0e+00        0e+00        0e+00        0e+00        0e+00        0e+00        0e+00        0e+00        0e+00        0e+00        0e+00        0e+00        0e+00        0e+00        0e+00        0e+00        0e+00
        0e+00        0e+00        0e+00        0e+00        0e+00        0e+00        0e+00        0e+00        0e+00        0e+00        0e+00        0e+00        0e+00        0e+00        0e+00        0e+00        0e+00        0e+00        0e+00        0e+00        0e+00        0e+00        0e+00        0e+00

error: inv_sympd(): matrix appears to be singular

